Distances of Cities by Flight (in min),0,1,2,3,4,5,6,7,8,9,10,11,12,13,14,15,16,17,18,19,20,21,22,23,24,25,26,27,28,29,30,31,32,33,34,35,36,37,38,39,40,41,42,43,44,45,46,47,48,49
0,0,452,213,361,391,308,417,387,465,240,408,316,458,431,467,256,348,320,411,285,300,367,305,413,392,343,354,403,391,316,428,450,417,427,349,389,366,272,294,494,465,322,319,421,434,245,452,407,350,306
1,452,0,444,370,323,388,406,322,273,422,347,404,301,356,272,406,313,339,424,412,358,285,348,339,360,338,323,357,330,366,345,271,302,228,368,289,316,382,390,258,222,357,335,309,263,448,212,249,315,346
2,213,444,0,348,380,295,419,383,459,227,396,319,453,430,461,244,341,314,415,287,294,359,298,400,379,331,349,390,388,314,416,444,405,418,349,378,354,262,282,487,458,320,309,418,428,235,444,398,339,298
3,361,370,348,0,251,254,477,398,424,322,251,406,438,455,426,307,341,337,484,387,334,318,317,258,232,246,365,243,408,370,271,414,281,344,403,281,256,305,267,427,391,368,294,418,397,329,377,324,271,313
4,391,323,380,251,0,292,462,376,384,353,231,408,402,431,385,336,325,331,473,396,336,292,318,228,238,249,349,237,387,368,244,375,230,298,394,238,232,324,301,381,344,363,292,388,359,367,331,281,256,314
5,308,388,295,254,292,0,449,381,429,268,302,366,435,438,430,255,324,310,453,343,300,316,286,308,285,252,345,296,390,336,323,416,321,361,373,304,276,260,214,442,407,336,272,408,398,276,393,339,274,283
6,417,406,419,477,462,449,0,290,354,420,493,301,324,257,357,415,338,341,222,332,350,371,364,490,492,432,314,497,279,314,504,345,464,403,277,428,432,395,439,400,400,313,384,298,345,449,396,401,410,367
7,387,322,383,398,376,381,290,0,289,374,407,296,273,257,293,363,258,275,305,316,292,284,299,403,408,352,237,412,211,272,416,276,376,314,253,341,348,338,374,332,320,265,310,235,267,404,313,312,328,300
8,465,273,459,424,384,429,354,289,0,443,412,385,232,297,203,429,318,345,374,403,365,313,363,405,422,384,312,421,293,357,413,215,369,288,342,347,368,403,426,247,257,348,361,260,231,473,261,303,358,363
9,240,422,227,322,353,268,420,374,443,0,368,323,441,424,446,218,326,301,418,294,282,338,281,373,352,305,338,363,380,309,389,429,379,396,346,353,328,241,255,468,438,313,288,407,413,231,423,376,315,281
10,408,347,396,251,231,302,493,407,412,368,0,435,431,462,412,353,355,360,503,422,363,323,345,210,221,272,379,211,418,396,221,404,245,324,424,268,261,345,314,404,369,391,319,419,388,378,357,309,284,341
11,316,404,319,406,408,366,301,296,385,323,435,0,367,323,388,322,295,278,296,232,273,333,291,435,428,365,281,436,294,241,451,371,420,388,244,384,376,307,354,425,408,249,316,329,360,350,398,376,352,294
12,458,301,453,438,402,435,324,273,232,441,431,367,0,267,234,428,316,340,345,389,360,321,361,425,439,395,304,440,273,345,435,230,391,312,324,364,383,402,431,278,287,337,365,238,243,471,289,322,369,362
13,431,356,430,455,431,438,257,257,297,424,462,323,267,0,300,416,315,330,279,351,345,340,354,457,464,409,293,467,248,317,469,290,427,357,283,394,404,392,430,344,347,311,367,247,293,455,345,360,385,356
14,467,272,461,426,385,430,357,293,203,446,412,388,234,300,0,432,320,348,377,406,368,315,365,405,423,386,315,421,296,360,413,218,370,289,345,347,370,406,428,244,255,351,363,263,233,475,261,304,359,365
15,256,406,244,307,336,255,415,363,429,218,353,322,428,416,432,0,313,289,416,295,271,323,267,357,337,288,327,348,370,302,373,415,361,380,340,335,311,226,241,452,421,305,271,395,398,244,407,359,297,267
16,348,313,341,341,325,324,338,258,318,326,355,295,316,315,320,313,0,228,348,299,248,239,246,353,354,295,224,359,268,255,368,303,331,294,271,294,295,287,318,347,322,246,253,284,287,356,310,281,273,247
17,320,339,314,337,331,310,341,275,345,301,360,278,340,330,348,289,228,0,348,275,220,258,224,359,355,292,238,362,283,237,375,330,343,318,267,306,299,263,301,375,349,232,243,306,315,331,337,303,276,227
18,411,424,415,484,473,453,222,305,374,418,503,296,345,279,377,416,348,348,0,327,354,383,369,501,501,440,325,507,295,317,515,365,477,419,281,441,443,397,442,421,419,318,391,318,364,446,415,416,420,373
19,285,412,287,387,396,343,332,316,403,294,422,232,389,351,406,295,299,275,327,0,262,333,279,423,412,350,292,421,317,247,439,388,413,392,269,377,365,284,330,440,419,256,304,351,376,320,408,377,342,283
20,300,358,294,334,336,300,350,292,365,282,363,273,360,345,368,271,248,220,354,262,0,274,218,363,356,293,256,363,299,237,379,350,351,335,273,316,304,247,290,395,369,237,244,325,335,312,356,318,281,222
21,367,285,359,318,292,316,371,284,313,338,323,333,321,340,315,323,239,258,383,333,274,0,263,319,325,274,260,328,295,292,333,300,294,261,308,257,265,298,314,330,299,284,251,300,283,366,285,244,248,261
22,305,348,298,317,318,286,364,299,363,281,345,291,361,354,365,267,246,224,369,279,218,263,0,345,337,275,261,345,306,254,361,349,334,324,288,299,286,241,277,389,361,252,226,329,332,310,347,306,263,204
23,413,339,400,258,228,308,490,403,405,373,210,435,425,457,405,357,353,359,501,423,363,319,345,0,230,274,377,221,414,396,216,397,237,317,422,263,260,348,320,396,360,391,319,414,382,384,349,303,283,341
24,392,360,379,232,238,285,492,408,422,352,221,428,439,464,423,337,354,355,501,412,356,325,337,230,0,263,378,212,419,390,241,413,261,336,421,276,260,332,298,418,382,386,313,424,397,360,369,319,282,334
25,343,338,331,246,249,252,432,352,384,305,272,365,395,409,386,288,295,292,440,350,293,274,275,274,263,0,319,271,362,327,290,373,274,311,359,253,225,275,257,393,358,324,250,373,355,322,343,289,227,271
26,354,323,349,365,349,345,314,237,312,338,379,281,304,293,315,327,224,238,325,292,256,260,261,377,378,319,0,383,246,246,391,298,353,308,249,317,319,301,337,348,328,237,274,269,284,368,317,298,297,263
27,403,357,390,243,237,296,497,412,421,363,211,436,440,467,421,348,359,362,507,421,363,328,345,221,212,271,383,0,423,398,229,413,256,334,427,276,264,342,309,415,379,393,320,426,397,372,366,318,287,342
28,391,330,388,408,387,390,279,211,293,380,418,294,273,248,296,370,268,283,295,317,299,295,306,414,419,362,246,423,0,276,427,280,386,324,251,351,359,345,383,337,328,268,319,235,273,410,322,323,338,309
29,316,366,314,370,368,336,314,272,357,309,396,241,345,317,360,302,255,237,317,247,237,292,254,396,390,327,246,398,276,0,411,343,379,348,238,343,336,281,326,394,373,209,278,307,330,339,362,335,312,257
30,428,345,416,271,244,323,504,416,413,389,221,451,435,469,413,373,368,375,515,439,379,333,361,216,241,290,391,229,427,411,0,406,244,325,437,276,275,364,335,401,366,406,335,425,392,399,355,313,299,357
31,450,271,444,414,375,416,345,276,215,429,404,371,230,290,218,415,303,330,365,388,350,300,349,397,413,373,298,413,280,343,406,0,362,282,329,337,358,389,413,257,258,334,348,248,218,459,260,295,346,349
32,417,302,405,281,230,321,464,376,369,379,245,420,391,427,370,361,331,343,477,413,351,294,334,237,261,274,353,256,386,379,244,362,0,281,401,237,251,347,329,359,324,373,309,383,348,395,312,269,271,330
33,427,228,418,344,298,361,403,314,288,396,324,388,312,357,289,380,294,318,419,392,335,261,324,317,336,311,308,334,324,348,325,282,281,0,356,263,289,356,363,284,248,340,309,310,269,421,234,222,288,322
34,349,368,349,403,394,373,277,253,342,346,424,244,324,283,345,340,271,267,281,269,273,308,288,422,421,359,249,427,251,238,437,329,401,356,0,364,363,319,363,384,370,237,310,286,319,376,361,347,340,291
35,389,289,378,281,238,304,428,341,347,353,268,384,364,394,347,335,294,306,441,377,316,257,299,263,276,253,317,276,351,343,276,337,237,263,364,0,229,317,310,346,310,336,275,351,321,373,297,244,239,295
36,366,316,354,256,232,276,432,348,368,328,261,376,383,404,370,311,295,299,443,365,304,265,286,260,260,225,319,264,359,336,275,358,251,289,363,229,0,296,282,373,337,331,260,364,341,347,323,269,224,282
37,272,382,262,305,324,260,395,338,403,241,345,307,402,392,406,226,287,263,397,284,247,298,241,348,332,275,301,342,345,281,364,389,347,356,319,317,296,0,247,427,397,283,248,370,373,269,383,336,278,241
38,294,390,282,267,301,214,439,374,426,255,314,354,431,430,428,241,318,301,442,330,290,314,277,320,298,257,337,309,383,326,335,413,329,363,363,310,282,247,0,442,409,326,267,402,396,266,394,341,276,275
39,494,258,487,427,381,442,400,332,247,468,404,425,278,344,244,452,347,375,421,440,395,330,389,396,418,393,348,415,337,394,401,257,359,284,384,346,373,427,442,0,236,385,382,305,265,496,250,304,368,388
40,465,222,458,391,344,407,400,320,257,438,369,408,287,347,255,421,322,349,419,419,369,299,361,360,382,358,328,379,328,373,366,258,324,248,370,310,337,397,409,236,0,364,350,302,256,464,215,269,334,359
41,322,357,320,368,363,336,313,265,348,313,391,249,337,311,351,305,246,232,318,256,237,284,252,391,386,324,237,393,268,209,406,334,373,340,237,336,331,283,326,385,364,0,274,299,320,344,353,327,307,255
42,319,335,309,294,292,272,384,310,361,288,319,316,365,367,363,271,253,243,391,304,244,251,226,319,313,250,274,320,319,278,335,348,309,309,310,275,260,248,267,382,350,274,0,336,330,314,336,289,238,222
43,421,309,418,418,388,408,298,235,260,407,419,329,238,247,263,395,284,306,318,351,325,300,329,414,424,373,269,426,235,307,425,248,383,310,286,351,364,370,402,305,302,299,336,0,247,437,299,314,347,330
44,434,263,428,397,359,398,345,267,231,413,388,360,243,293,233,398,287,315,364,376,335,283,332,382,397,355,284,397,273,330,392,218,348,269,319,321,341,373,396,265,256,320,330,247,0,442,253,279,329,332
45,245,448,235,329,367,276,449,404,473,231,378,350,471,455,475,244,356,331,446,320,312,366,310,384,360,322,368,372,410,339,399,459,395,421,376,373,347,269,266,496,464,344,314,437,442,0,450,400,337,310
46,452,212,444,377,331,393,396,313,261,423,357,398,289,345,261,407,310,337,415,408,356,285,347,349,369,343,317,366,322,362,355,260,312,234,361,297,323,383,394,250,215,353,336,299,253,450,0,254,319,346
47,407,249,398,324,281,339,401,312,303,376,309,376,322,360,304,359,281,303,416,377,318,244,306,303,319,289,298,318,323,335,313,295,269,222,347,244,269,336,341,304,269,327,289,314,279,400,254,0,266,303
48,350,315,339,271,256,274,410,328,358,315,284,352,369,385,359,297,273,276,420,342,281,248,263,283,282,227,297,287,338,312,299,346,271,288,340,239,224,278,276,368,334,307,238,347,329,337,319,266,0,260
49,306,346,298,313,314,283,367,300,363,281,341,294,362,356,365,267,247,227,373,283,222,261,204,341,334,271,263,342,309,257,357,349,330,322,291,295,282,241,275,388,359,255,222,330,332,310,346,303,260,0
